     1        0   129600   0.000
     2    12510   129600   0.010
     3    25019   129600   0.020
     4    37528   129600   0.030
     5    50037   129600   0.040
     6    62546   129600   0.050
     7    75055   129600   0.060
     8    87564   129600   0.070
     9   100073   129600   0.080
    10   112582   129600   0.090
    11   125091   129600   0.100
    12   137600   129600   0.110
    13   150109   129600   0.120
    14   162618   129600   0.130
    15   175127   129600   0.140
    16   187636   129600   0.150
    17   200145   129600   0.160
    18   212654   129600   0.170
    19   225163   130719   0.180
    20   237672   130719   0.190
    21   250181   130719   0.200
    22   262690   130719   0.210
    23   275199   130719   0.220
    24   287708   130719   0.230
    25   300217   130719   0.240
    26   312726   130719   0.250
    27   325235   130719   0.260
    28   337744   130719   0.270
    29   350253   130719   0.280
    30   362762   130719   0.290
    31   375271   130719   0.300
    32   387780   130719   0.310
    33   400289   130719   0.320
    34   412798   130719   0.330
    35   425307   130719   0.340
    36   437816   132671   0.350
    37   450325   132671   0.360
    38   462834   132671   0.370
    39   475343   132671   0.380
    40   487852   132671   0.390
    41   500361   132671   0.400
    42   512870   132671   0.410
    43   525379   132671   0.420
    44   537888   132671   0.430
    45   550397   132671   0.440
    46   562906   132671   0.450
    47   575415   132671   0.460
    48   587924   132671   0.470
    49   600433   132671   0.480
    50   612942   132671   0.490
    51   625451   132671   0.500
    52   637960   132671   0.510
    53   650469   132671   0.520
    54   662978   134891   0.530
    55   675487   134891   0.540
    56   687996   134891   0.550
    57   700505   134891   0.560
    58   713014   134891   0.570
    59   725523   134891   0.580
    60   738032   134891   0.590
    61   750541   134891   0.600
    62   763050   134891   0.610
    63   775559   134891   0.620
    64   788068   134891   0.630
    65   800577   134891   0.640
    66   813086   134891   0.650
    67   825595   134891   0.660
    68   838104   134891   0.670
    69   850613   134891   0.680
    70   863122   134891   0.690
    71   875631   137080   0.700
    72   888140   137080   0.710
    73   900649   137080   0.720
    74   913158   137080   0.730
    75   925667   137080   0.740
    76   938176   137080   0.750
    77   950685   137080   0.760
    78   963194   137080   0.770
    79   975703   137080   0.780
    80   988212   137080   0.790
    81  1000721   137080   0.800
    82  1013230   137080   0.810
    83  1025739   137080   0.820
    84  1038248   137080   0.830
    85  1050757   137080   0.840
    86  1063266   137080   0.850
    87  1075775   137080   0.860
    88  1088284   137080   0.870
    89  1100793   139619   0.880
    90  1113302   139619   0.890
    91  1125811   139619   0.900
    92  1138320   139619   0.910
    93  1150829   139619   0.920
    94  1163338   139619   0.930
    95  1175847   139619   0.940
    96  1188356   139619   0.950
    97  1200865   139619   0.960
    98  1213374   139619   0.970
    99  1225883   139619   0.980
   100  1238392   139619   0.990
   101  1250901   139619   1.000
   102  1263410   139619   1.010
   103  1275919   139619   1.020
   104  1288428   139619   1.030
   105  1300937   139619   1.040
   106  1313446   142304   1.050
   107  1325955   142304   1.060
   108  1338464   142304   1.070
   109  1350973   142304   1.080
   110  1363482   142304   1.090
   111  1375991   142304   1.100
   112  1388500   142304   1.110
   113  1401009   142304   1.120
   114  1413518   142304   1.130
   115  1426027   142304   1.140
   116  1438536   142304   1.150
   117  1451045   142304   1.160
   118  1463554   142304   1.170
   119  1476063   142304   1.180
   120  1488572   142304   1.190
   121  1501081   142304   1.200
   122  1513590   142304   1.210
   123  1526099   142304   1.220
   124  1538608   145667   1.230
   125  1551117   145667   1.240
   126  1563626   145667   1.250
   127  1576135   145667   1.260
   128  1588644   145667   1.270
   129  1601153   145667   1.280
   130  1613662   145667   1.290
   131  1626171   145667   1.300
   132  1638680   145667   1.310
   133  1651189   145667   1.320
   134  1663698   145667   1.330
   135  1676207   145667   1.340
   136  1688716   145667   1.350
   137  1701225   145667   1.360
   138  1713734   145667   1.370
   139  1726243   145667   1.380
   140  1738752   145667   1.390
   141  1751261   148570   1.400
   142  1763770   148570   1.410
   143  1776279   148570   1.420
   144  1788788   148570   1.430
   145  1801297   148570   1.440
   146  1813806   148570   1.450
   147  1826315   148570   1.460
   148  1838824   148570   1.470
   149  1851333   148570   1.480
   150  1863842   148570   1.490
   151  1876351   148570   1.500
   152  1888860   148570   1.510
   153  1901369   148570   1.520
   154  1913878   148570   1.530
   155  1926387   148570   1.540
   156  1938896   148570   1.550
   157  1951405   148570   1.560
   158  1963914   148570   1.570
   159  1976423   151417   1.580
   160  1988932   151417   1.590
   161  2001441   151417   1.600
   162  2013950   151417   1.610
   163  2026459   151417   1.620
   164  2038968   151417   1.630
   165  2051477   151417   1.640
   166  2063986   151417   1.650
   167  2076495   151417   1.660
   168  2089004   151417   1.670
   169  2101513   151417   1.680
   170  2114022   151417   1.690
   171  2126531   151417   1.700
   172  2139040   151417   1.710
   173  2151549   151417   1.720
   174  2164058   151417   1.730
   175  2176567   151417   1.740
   176  2189076   154441   1.750
   177  2201585   154441   1.760
   178  2214094   154441   1.770
   179  2226603   154441   1.780
   180  2239112   154441   1.790
   181  2251621   154441   1.800
   182  2264130   154441   1.810
   183  2276639   154441   1.820
   184  2289148   154441   1.830
   185  2301657   154441   1.840
   186  2314166   154441   1.850
   187  2326675   154441   1.860
   188  2339184   154441   1.870
   189  2351693   154441   1.880
   190  2364202   154441   1.890
   191  2376711   154441   1.900
   192  2389220   154441   1.910
   193  2401729   154441   1.920
   194  2414238   157630   1.930
   195  2426747   157630   1.940
   196  2439256   157630   1.950
   197  2451765   157630   1.960
   198  2464274   157630   1.970
   199  2476783   157630   1.980
   200  2489292   157630   1.990
   201  2501801   157630   2.000
   202  2514310   157630   2.010
   203  2526819   157630   2.020
   204  2539328   157630   2.030
   205  2551837   157630   2.040
   206  2564346   157630   2.050
   207  2576855   157630   2.060
   208  2589364   157630   2.070
   209  2601873   157630   2.080
   210  2614382   157630   2.090
   211  2626891   161211   2.100
   212  2639400   161211   2.110
   213  2651909   161211   2.120
   214  2664418   161211   2.130
   215  2676927   161211   2.140
   216  2689436   161211   2.150
   217  2701945   161211   2.160
   218  2714454   161211   2.170
   219  2726963   161211   2.180
   220  2739472   161211   2.190
   221  2751981   161211   2.200
   222  2764490   161211   2.210
   223  2776999   161211   2.220
   224  2789508   161211   2.230
   225  2802017   161211   2.240
   226  2814526   161211   2.250
   227  2827035   161211   2.260
   228  2839544   161211   2.270
   229  2852053   164211   2.280
   230  2864562   164211   2.290
   231  2877071   164211   2.300
   232  2889580   164211   2.310
   233  2902089   164211   2.320
   234  2914598   164211   2.330
   235  2927107   164211   2.340
   236  2939616   164211   2.350
   237  2952125   164211   2.360
   238  2964634   164211   2.370
   239  2977143   164211   2.380
   240  2989652   164211   2.390
   241  3002161   164211   2.400
   242  3014670   164211   2.410
   243  3027179   164211   2.420
   244  3039688   164211   2.430
   245  3052197   164211   2.440
   246  3064706   167343   2.450
   247  3077215   167343   2.460
   248  3089724   167343   2.470
   249  3102233   167343   2.480
   250  3114742   167343   2.490
   251  3127251   167343   2.500
   252  3139760   167343   2.510
   253  3152269   167343   2.520
   254  3164778   167343   2.530
   255  3177287   167343   2.540
   256  3189796   167343   2.550
   257  3202305   167343   2.560
   258  3214814   167343   2.570
   259  3227323   167343   2.580
   260  3239832   167343   2.590
   261  3252341   167343   2.600
   262  3264850   167343   2.610
   263  3277359   167343   2.620
   264  3289868   170529   2.630
   265  3302377   170529   2.640
   266  3314886   170529   2.650
   267  3327395   170529   2.660
   268  3339904   170529   2.670
   269  3352413   170529   2.680
   270  3364922   170529   2.690
   271  3377431   170529   2.700
   272  3389940   170529   2.710
   273  3402449   170529   2.720
   274  3414958   170529   2.730
   275  3427467   170529   2.740
   276  3439976   170529   2.750
   277  3452485   170529   2.760
   278  3464994   170529   2.770
   279  3477503   170529   2.780
   280  3490012   170529   2.790
   281  3502521   173766   2.800
   282  3515030   173766   2.810
   283  3527539   173766   2.820
   284  3540048   173766   2.830
   285  3552557   173766   2.840
   286  3565066   173766   2.850
   287  3577575   173766   2.860
   288  3590084   173766   2.870
   289  3602593   173766   2.880
   290  3615102   173766   2.890
   291  3627611   173766   2.900
   292  3640120   173766   2.910
   293  3652629   173766   2.920
   294  3665138   173766   2.930
   295  3677647   173766   2.940
   296  3690156   173766   2.950
   297  3702665   173766   2.960
   298  3715174   173766   2.970
   299  3727683   177265   2.980
   300  3740192   177265   2.990
   301  3752701   177265   3.000
